{"ID":"{F59A6A43-1592-4DB2-A6B1-9ADA98CBB6FB}","Children":[{"ID":"{E0BD4EE2-CA70-4370-A6AF-9B1D4324F1E4}","Name":"Spawns","Children":[{"CanCollide":false,"CFrame":[-0.3851318359375,10.5,-28,1,0,0,0,1,0,0,0,1],"CanTouch":false,"Transparency":1,"ClassName":"SpawnLocation","ID":"{1D803BF7-C9AE-4366-8583-EDC8DD20504D}","Duration":0,"EnableFluidForces":false,"Size":[12,1,12]},{"CanCollide":false,"CFrame":[0,10.499994277954102,0,1,0,0,0,1,0,0,0,1],"CanTouch":false,"Transparency":1,"ClassName":"SpawnLocation","ID":"{A045D77D-35B3-45A8-BD45-F354E9E8E22B}","Duration":0,"EnableFluidForces":false,"Size":[12,1,12]},{"CanCollide":false,"CFrame":[-29.770263671875,10.500005722045899,-28,1,0,0,0,1,0,0,0,1],"CanTouch":false,"Transparency":1,"ClassName":"SpawnLocation","ID":"{586EECF9-BB92-40B8-BFFD-4701BB6F40E9}","Duration":0,"EnableFluidForces":false,"Size":[12,1,12]},{"CanCollide":false,"CFrame":[-29.3851318359375,10.5,0,1,0,0,0,1,0,0,0,1],"CanTouch":false,"Transparency":1,"ClassName":"SpawnLocation","ID":"{3B760A16-78BA-4721-822B-49EB42D9B761}","Duration":0,"EnableFluidForces":false,"Size":[12,1,12]},{"CanCollide":false,"CFrame":[-29.770263671875,10.500005722045899,27,1,0,0,0,1,0,0,0,1],"CanTouch":false,"Transparency":1,"ClassName":"SpawnLocation","ID":"{D0719198-C1A8-421E-8288-CEC3E3A6798F}","Duration":0,"EnableFluidForces":false,"Size":[12,1,12]},{"CanCollide":false,"CFrame":[29.6148681640625,10.500005722045899,-28,1,0,0,0,1,0,0,0,1],"CanTouch":false,"Transparency":1,"ClassName":"SpawnLocation","ID":"{B5EE5BC5-961C-4B38-B1AA-302ACE859314}","Duration":0,"EnableFluidForces":false,"Size":[12,1,12]},{"CanCollide":false,"CFrame":[30,10.5,0,1,0,0,0,1,0,0,0,1],"CanTouch":false,"Transparency":1,"ClassName":"SpawnLocation","ID":"{BD77FFA0-C277-409B-814D-0AE46FD9BD5D}","Duration":0,"EnableFluidForces":false,"Size":[12,1,12]},{"CanCollide":false,"CFrame":[31,10.500011444091797,27,1,0,0,0,1,0,0,0,1],"CanTouch":false,"Transparency":1,"ClassName":"SpawnLocation","ID":"{1BF75390-5E9A-445D-B74E-69396CB99D1C}","Duration":0,"EnableFluidForces":false,"Size":[12,1,12]},{"CanCollide":false,"CFrame":[-0.3851318359375,10.5,27,1,0,0,0,1,0,0,0,1],"CanTouch":false,"Transparency":1,"ClassName":"SpawnLocation","ID":"{9765E0BA-938D-4826-8913-7845A60BD7FD}","Duration":0,"EnableFluidForces":false,"Size":[12,1,12]}],"ClassName":"Folder"},{"BottomSurface":4,"Color":[0.38823530077934267,0.37254902720451357,0.3843137323856354],"EnableFluidForces":false,"Name":"Baseplate","ClassName":"Part","ID":"{3CB52A09-912E-4B68-B275-6FEDAD415EBD}","Size":[1756.770263671875,20,2048],"Locked":true,"TopSurface":3},{"Name":"midnightblacksrbx","ClassName":"Model","ID":"{87A7B294-752B-42DA-AAB0-D426BFD40AA0}","PrimaryPart":"{E71306A1-2F81-4680-B1DB-2501009383B8}","Children":[{"ID":"{638EFDE3-5A41-49AE-8B83-EB74829AF737}","ClassName":"Humanoid","Children":[{"ID":"{7941F2A8-E70C-4614-94D6-2BF9A25F4EAD}","ClassName":"Animator"},{"HatAccessory":"3409612660,3822880197,4047554959,4584029953,3398308134,3656493304,3443038622,3940375351,3033908130,4154538250","RightLegColor":[0.9725490808486939,0.9725490808486939,0.9725490808486939],"LeftLegColor":[0.9725490808486939,0.9725490808486939,0.9725490808486939],"ProportionScale":0,"BodyTypeScale":0.41999998688697817,"TorsoColor":[0.38823533058166506,0.37254902720451357,0.38431376218795779],"LeftArmColor":[0.9725490808486939,0.9725490808486939,0.9725490808486939],"ClassName":"HumanoidDescription","ID":"{3B81FE88-9A12-421C-985A-B2FDF9DDF898}","RightArmColor":[0.9725490808486939,0.9725490808486939,0.9725490808486939],"HeadColor":[0.9725490808486939,0.9725490808486939,0.9725490808486939]}],"DisplayName":"midnightblacksrbx"},{"LeftArmColor3":[0.9725490808486939,0.9725490808486939,0.9725490808486939],"RightLegColor":[0.9725490808486939,0.9725490808486939,0.9725490808486939],"HeadColor":[0.9725490808486939,0.9725490808486939,0.9725490808486939],"RightArmColor3":[0.9725490808486939,0.9725490808486939,0.9725490808486939],"HeadColor3":[0.9725490808486939,0.9725490808486939,0.9725490808486939],"RightArmColor":[0.9725490808486939,0.9725490808486939,0.9725490808486939],"LeftLegColor3":[0.9725490808486939,0.9725490808486939,0.9725490808486939],"TorsoColor":[0.38823533058166506,0.37254902720451357,0.38431376218795779],"LeftArmColor":[0.9725490808486939,0.9725490808486939,0.9725490808486939],"ClassName":"BodyColors","ID":"{7DBCBAB4-71C2-47ED-B808-9F87BE593EFC}","RightLegColor3":[0.9725490808486939,0.9725490808486939,0.9725490808486939],"LeftLegColor":[0.9725490808486939,0.9725490808486939,0.9725490808486939],"TorsoColor3":[0.38823533058166506,0.37254902720451357,0.38431376218795779]},{"AttachmentPos":[-0.018169164657592775,-0.1885223388671875,0.07818222045898438],"ClassName":"Accessory","AttachmentPoint":[-0.018169164657592775,-0.1885223388671875,0.07818222045898438,1,0,0,0,1,0,0,0,1],"ID":"{A35D5143-DBFB-4F30-B05E-783ED8EE2C60}","Children":[{"AssemblyAngularVelocity":[13.837059020996094,-0.0175666231662035,7.1087422370910648],"CanCollide":false,"CollisionGroup":"Player","CFrame":[11.857850074768067,15.134206771850586,-19.170761108398439,0.8433883786201477,0.0995825007557869,-0.527995765209198,0.1554906666278839,0.8953924179077148,0.41724663972854617,0.5143138766288757,-0.43399932980537417,0.7396795749664307],"AssemblyLinearVelocity":[1.9141812324523926,-20.988248825073243,-3.6649725437164308],"ID":"{FB18B9CA-11E8-468F-AF8F-D416D0198563}","Name":"Handle","ClassName":"Part","Locked":true,"Anchored":false,"Children":[{"Name":"SpecialMesh","ClassName":"SpecialMesh","ID":"{7E6EE702-56CC-47A7-9E9B-B82D9EFF1AA6}","MeshId":"rbxassetid://4154474745","MeshType":5,"TextureId":"rbxassetid://4154474807"},{"Value":"Classic","ID":"{C7A7B1F4-C956-4E79-8B6E-2744F65CB85D}","Name":"AvatarPartScaleType","ClassName":"StringValue"},{"Name":"HatAttachment","ClassName":"Attachment","ID":"{960E9DA0-5FE8-4ECA-B2D5-EDBD10DF76EF}","CFrame":[-0.018169164657592775,-0.1885223388671875,0.07818222045898438,1,0,0,0,1,0,0,0,1],"WorldSecondaryAxis":[0.0995825007557869,0.8953924179077148,-0.43399932980537417]},{"Value":[1,1,1],"ID":"{CF2C4ADD-0DDE-4B01-B6DD-E5B32F20D02C}","Name":"OriginalSize","ClassName":"Vector3Value"},{"Part1":"{E71306A1-2F81-4680-B1DB-2501009383B8}","Name":"AccessoryWeld","ClassName":"Weld","Part0":"{FB18B9CA-11E8-468F-AF8F-D416D0198563}","C0":[-0.018169164657592775,-0.1885223388671875,0.07818222045898438,1,0,0,0,1,0,0,0,1],"ID":"{02D80F8D-995B-49E7-B0AB-FB09333B41EE}","C1":[0,0.6000000238418579,0,1,0,0,0,1,0,0,0,1]}],"Size":[1,1,1]}],"Name":"MeshPartAccessory"},{"AssemblyAngularVelocity":[13.837059020996094,-0.0175666231662035,7.1087422370910648],"BottomSurface":4,"CollisionGroup":"Player","CFrame":[11.722723960876465,14.457965850830079,-18.780057907104493,0.8433883786201477,0.0995825007557869,-0.527995765209198,0.1554906666278839,0.8953924179077148,0.41724663972854617,0.5143138766288757,-0.43399932980537417,0.7396795749664307],"AssemblyLinearVelocity":[1.9141812324523926,-20.988248825073243,-3.6649725437164308],"Color":[0.9725490212440491,0.9725490212440491,0.9725490212440491],"Anchored":false,"Name":"Head","ClassName":"Part","ID":"{E71306A1-2F81-4680-B1DB-2501009383B8}","Locked":true,"Children":[{"ID":"{4230553C-E2A5-4D44-A813-DEA0C66CEF19}","Scale":[1.25,1.25,1.25],"ClassName":"SpecialMesh"},{"ID":"{9FF72E52-2345-435D-A774-A2E1D4CA9E0C}","Texture":"rbxasset://textures/face.png","Name":"face","ClassName":"Decal"},{"Name":"HairAttachment","ClassName":"Attachment","ID":"{890C1610-5FC2-43BB-8AA7-26087190C6F3}","CFrame":[0,0.6000000238418579,0,1,0,0,0,1,0,0,0,1],"WorldSecondaryAxis":[0.0995825007557869,0.8953924179077148,-0.43399932980537417]},{"Name":"HatAttachment","ClassName":"Attachment","ID":"{8DC8A5D1-7E40-482C-A1B8-D2C78704E0EE}","CFrame":[0,0.6000000238418579,0,1,0,0,0,1,0,0,0,1],"WorldSecondaryAxis":[0.0995825007557869,0.8953924179077148,-0.43399932980537417]},{"Name":"FaceFrontAttachment","ClassName":"Attachment","ID":"{9DB577BA-DE6B-4669-A1AA-E001A93C6BBA}","CFrame":[0,0,-0.6000000238418579,1,0,0,0,1,0,0,0,1],"WorldSecondaryAxis":[0.0995825007557869,0.8953924179077148,-0.43399932980537417]},{"WorldPosition":[11.722723960876465,14.457965850830079,-18.780057907104493],"ClassName":"Attachment","Name":"FaceCenterAttachment","WorldCFrame":[11.722723960876465,14.457965850830079,-18.780057907104493,0.8433883786201477,0.0995825007557869,-0.527995765209198,0.1554906666278839,0.8953924179077148,0.41724663972854617,0.5143138766288757,-0.43399932980537417,0.7396795749664307],"WorldOrientation":[-24.660877227783204,-35.51988220214844,9.85153579711914],"WorldAxis":[0.8433883786201477,0.1554906666278839,0.5143138766288757],"ID":"{6A505CE9-9167-4283-8C88-611099000451}","WorldSecondaryAxis":[0.0995825007557869,0.8953924179077148,-0.43399932980537417]}],"Size":[2,1,1]},{"AssemblyAngularVelocity":[13.837059020996094,-0.0175666231662035,7.1087422370910648],"Size":[2,2,1],"BottomSurface":4,"Anchored":false,"Color":[0.38823530077934267,0.37254902720451357,0.3843137323856354],"CFrame":[11.642412185668946,13.181987762451172,-18.00358009338379,0.8550755977630615,0.0305209681391716,-0.517604410648346,0.26822224259376528,0.8282824158668518,0.4919399917125702,0.44373705983161929,-0.5594788789749146,0.7000578045845032],"RightSurface":2,"LeftSurface":2,"ID":"{1C80E07B-40F4-4C03-8A97-69C98D5DEBC4}","AssemblyLinearVelocity":[1.9141812324523926,-20.988248825073243,-3.6649725437164308],"Name":"Torso","ClassName":"Part","Locked":true,"CollisionGroup":"Player","Children":[{"ID":"{8986D103-3B21-44DC-9F63-429523116DCA}","Name":"roblox","ClassName":"Decal"},{"Name":"NeckAttachment","ClassName":"Attachment","ID":"{B95ADE4F-B268-4B71-8BEC-BF96EF5D478F}","CFrame":[0,1,0,1,0,0,0,1,0,0,0,1],"WorldSecondaryAxis":[0.0305209681391716,0.8282824158668518,-0.5594788789749146]},{"Name":"BodyFrontAttachment","ClassName":"Attachment","ID":"{079CB74A-CE2B-4069-9481-42AC8A6A8AE4}","CFrame":[0,0,-0.5,1,0,0,0,1,0,0,0,1],"WorldSecondaryAxis":[0.0305209681391716,0.8282824158668518,-0.5594788789749146]},{"Name":"BodyBackAttachment","ClassName":"Attachment","ID":"{C2CEE542-DA0A-424D-AEA5-060482E95408}","CFrame":[0,0,0.5,1,0,0,0,1,0,0,0,1],"WorldSecondaryAxis":[0.0305209681391716,0.8282824158668518,-0.5594788789749146]},{"Name":"LeftCollarAttachment","ClassName":"Attachment","ID":"{12C98912-102C-4C1B-972F-0F3416A18817}","CFrame":[-1,1,0,1,0,0,0,1,0,0,0,1],"WorldSecondaryAxis":[0.0305209681391716,0.8282824158668518,-0.5594788789749146]},{"Name":"RightCollarAttachment","ClassName":"Attachment","ID":"{6D493A90-D854-42C2-B797-260B5E12AE11}","CFrame":[1,1,0,1,0,0,0,1,0,0,0,1],"WorldSecondaryAxis":[0.0305209681391716,0.8282824158668518,-0.5594788789749146]},{"Name":"WaistFrontAttachment","ClassName":"Attachment","ID":"{1C540EE3-4F32-45E7-941D-5E1A5B537A2F}","CFrame":[0,-1,-0.5,1,0,0,0,1,0,0,0,1],"WorldSecondaryAxis":[0.0305209681391716,0.8282824158668518,-0.5594788789749146]},{"Name":"WaistCenterAttachment","ClassName":"Attachment","ID":"{8354ADB8-1AD1-4713-BEF0-B3E896AA858C}","CFrame":[0,-1,0,1,0,0,0,1,0,0,0,1],"WorldSecondaryAxis":[0.0305209681391716,0.8282824158668518,-0.5594788789749146]},{"Name":"WaistBackAttachment","ClassName":"Attachment","ID":"{F1FE41B0-E4D1-415F-871B-157663E8FF55}","CFrame":[0,-1,0.5,1,0,0,0,1,0,0,0,1],"WorldSecondaryAxis":[0.0305209681391716,0.8282824158668518,-0.5594788789749146]},{"Part1":"{79DC6F95-6C3B-4F3C-B272-366AB50D4AB8}","MaxVelocity":0.10000000149011612,"CurrentAngle":-2.867435932159424,"C1":[-0.5,0.5,0,0,0,1,0,1,0,-1,0,0],"Name":"Right Shoulder","ClassName":"Motor6D","Part0":"{1C80E07B-40F4-4C03-8A97-69C98D5DEBC4}","C0":[1,0.5,0,0,0,1,0,1,0,-1,0,0],"ID":"{41D782D6-2F74-4ED8-BD59-1DF1416F7D63}","Transform":[0.0508752167224884,0.1939961165189743,-0.00892963632941246,-0.9413342475891113,-0.3093467652797699,-0.13488689064979554,0.3326857388019562,-0.917728841304779,-0.2170114666223526,-0.05665779858827591,-0.24915526807308198,0.9668048024177551]},{"Part1":"{FDD83B2A-3E68-45E4-8D07-EE84D4FC329C}","MaxVelocity":0.10000000149011612,"CurrentAngle":-0.01649184338748455,"C1":[0.5,0.5,0,0,0,-1,0,1,0,1,0,0],"Name":"Left Shoulder","ClassName":"Motor6D","Part0":"{1C80E07B-40F4-4C03-8A97-69C98D5DEBC4}","C0":[-1,0.5,0,0,0,-1,0,1,0,1,0,0],"ID":"{2FE9AD8E-7405-4F93-8C6B-6D8F1ED2F596}","Transform":[4.962304345212942e-9,-5.960464477539063e-8,0,0.8944634795188904,0.4446813762187958,0.046835191547870639,-0.43163803219795229,0.8313597440719605,0.3500421941280365,0.11672038584947586,-0.33331581950187685,0.9355623722076416]},{"Part1":"{D5EAA1EC-8859-40EB-A5C5-E6107CC45156}","MaxVelocity":0.10000000149011612,"CurrentAngle":-0.3013535439968109,"C1":[0.5,1,0,0,0,1,0,1,0,-1,0,0],"Name":"Right Hip","ClassName":"Motor6D","Part0":"{1C80E07B-40F4-4C03-8A97-69C98D5DEBC4}","C0":[1,-1,0,0,0,1,0,1,0,-1,0,0],"ID":"{B527B43E-5896-411D-B826-A3480F8F6FE9}","Transform":[-2.3181167208008447e-8,0,-7.450580596923828e-9,0.864859938621521,-0.17723971605300904,-0.4696844220161438,0.19817069172859193,0.9801549315452576,-0.004966076463460922,0.4612436890602112,-0.08878271281719208,0.8828204274177551]},{"Part1":"{19947BEA-75D1-4800-BBF8-EC83CA08D9C3}","MaxVelocity":0.10000000149011612,"CurrentAngle":0.28820791840553286,"C1":[-0.5,1,0,0,0,-1,0,1,0,1,0,0],"Name":"Left Hip","ClassName":"Motor6D","Part0":"{1C80E07B-40F4-4C03-8A97-69C98D5DEBC4}","C0":[-1,-1,0,0,0,-1,0,1,0,1,0,0],"ID":"{CE9F162B-758E-44E3-AD66-16B21E5ACFA3}","Transform":[1.3242310359373733e-8,-5.296924143749493e-8,-3.312002405664316e-8,0.8864080309867859,0.3631930351257324,0.28700461983680727,-0.4451138377189636,0.8389790058135986,0.31303030252456667,-0.12710040807724,-0.4052222967147827,0.9053399562835693]},{"Part1":"{E71306A1-2F81-4680-B1DB-2501009383B8}","MaxVelocity":0.10000000149011612,"CurrentAngle":-0.005692894570529461,"C1":[0,-0.5,0,-1,0,0,0,0,1,0,1,0],"Name":"Neck","ClassName":"Motor6D","Part0":"{1C80E07B-40F4-4C03-8A97-69C98D5DEBC4}","C0":[0,1,0,-1,0,0,0,0,1,0,1,0],"ID":"{97D9558A-F0F7-4E4C-9B06-0F2C71FD89BD}","Transform":[0,-1.4901161193847657e-8,1.3242310359373733e-8,0.9910874962806702,-0.038026317954063418,-0.1276695430278778,7.767230272293091e-7,0.9583933353424072,-0.28545093536376955,0.13321229815483094,0.28290677070617678,0.9498516917228699]}],"TopSurface":3},{"AssemblyAngularVelocity":[13.837059020996094,-0.0175666231662035,7.1087422370910648],"BottomSurface":4,"CanCollide":false,"Color":[0.9725490212440491,0.9725490212440491,0.9725490212440491],"CFrame":[10.14734172821045,13.062224388122559,-18.719785690307618,0.8878748416900635,0.42263659834861758,-0.18181514739990235,-0.29824358224868777,0.8296085000038147,0.4720175266265869,0.35032713413238528,-0.36486732959747317,0.8626371622085571],"Size":[1,2,1],"AssemblyLinearVelocity":[1.9141812324523926,-20.988248825073243,-3.6649725437164308],"CollisionGroup":"Player","Locked":true,"Name":"Left Arm","ClassName":"Part","ID":"{FDD83B2A-3E68-45E4-8D07-EE84D4FC329C}","Anchored":false,"Children":[{"Name":"LeftShoulderAttachment","ClassName":"Attachment","ID":"{085007CB-B28F-4207-ACDE-77C1A364CAD2}","CFrame":[0,1,0,1,0,0,0,1,0,0,0,1],"WorldSecondaryAxis":[0.42263659834861758,0.8296085000038147,-0.36486732959747317]},{"Name":"LeftGripAttachment","ClassName":"Attachment","ID":"{DCB2C16D-0583-4269-999C-EC6577853438}","CFrame":[0,-1,0,1,0,0,0,1,0,0,0,1],"WorldSecondaryAxis":[0.42263659834861758,0.8296085000038147,-0.36486732959747317]}],"TopSurface":3},{"AssemblyAngularVelocity":[13.837059020996094,-0.0175666231662035,7.1087422370910648],"BottomSurface":4,"CanCollide":false,"Color":[0.9725490212440491,0.9725490212440491,0.9725490212440491],"CFrame":[12.93487548828125,14.551508903503418,-17.800121307373048,0.7502656579017639,-0.044752150774002078,0.6596199870109558,0.14588603377342225,-0.9619074463844299,-0.23119498789310456,0.6448397636413574,0.2696869671344757,-0.7151577472686768],"Size":[1,2,1],"AssemblyLinearVelocity":[1.9141812324523926,-20.988248825073243,-3.6649725437164308],"CollisionGroup":"Player","Locked":true,"Name":"Right Arm","ClassName":"Part","ID":"{79DC6F95-6C3B-4F3C-B272-366AB50D4AB8}","Anchored":false,"Children":[{"Name":"RightShoulderAttachment","ClassName":"Attachment","ID":"{24A9CE37-7C24-4165-9DC7-6C96CFFCDEE4}","CFrame":[0,1,0,1,0,0,0,1,0,0,0,1],"WorldSecondaryAxis":[-0.044752150774002078,-0.9619074463844299,0.2696869671344757]},{"Name":"RightGripAttachment","ClassName":"Attachment","ID":"{8BD7B392-4BBA-4BD6-B0D7-F13779F6EC67}","CFrame":[0,-1,0,1,0,0,0,1,0,0,0,1],"WorldSecondaryAxis":[-0.044752150774002078,-0.9619074463844299,0.2696869671344757]}],"TopSurface":3},{"AssemblyAngularVelocity":[13.837059020996094,-0.0175666231662035,7.1087422370910648],"CanCollide":false,"Color":[0.9725490212440491,0.9725490212440491,0.9725490212440491],"CFrame":[10.746417045593262,11.31030559539795,-17.082239151000978,0.8845890760421753,0.4526928663253784,-0.1121225655078888,-0.2435358166694641,0.653410017490387,0.7167604565620422,0.39773428440093996,-0.6067326068878174,0.6882464289665222],"Size":[1,2,1],"AssemblyLinearVelocity":[1.9141812324523926,-20.988248825073243,-3.6649725437164308],"CollisionGroup":"Player","Locked":true,"Name":"Left Leg","ClassName":"Part","ID":"{19947BEA-75D1-4800-BBF8-EC83CA08D9C3}","Anchored":false,"Children":[{"Name":"LeftFootAttachment","ClassName":"Attachment","ID":"{286A55E2-EDED-4CA3-885F-7664BE03FA0C}","CFrame":[0,-1,0,1,0,0,0,1,0,0,0,1],"WorldSecondaryAxis":[0.4526928663253784,0.653410017490387,-0.6067326068878174]}],"TopSurface":3},{"AssemblyAngularVelocity":[13.837059020996094,-0.0175666231662035,7.1087422370910648],"CanCollide":false,"Color":[0.9725490212440491,0.9725490212440491,0.9725490212440491],"CFrame":[11.924103736877442,11.732697486877442,-16.59469223022461,0.639225423336029,0.223250612616539,-0.7359007596969605,0.4549100399017334,0.6617749929428101,0.5959115028381348,0.6200383901596069,-0.715690553188324,0.3214646279811859],"Size":[1,2,1],"AssemblyLinearVelocity":[1.9141812324523926,-20.988248825073243,-3.6649725437164308],"CollisionGroup":"Player","Locked":true,"Name":"Right Leg","ClassName":"Part","ID":"{D5EAA1EC-8859-40EB-A5C5-E6107CC45156}","Anchored":false,"Children":[{"Name":"RightFootAttachment","ClassName":"Attachment","ID":"{4E696FEB-A5D8-4FFA-8786-D961D5C5ADD2}","CFrame":[0,-1,0,1,0,0,0,1,0,0,0,1],"WorldSecondaryAxis":[0.223250612616539,0.6617749929428101,-0.715690553188324]}],"TopSurface":3},{"AssemblyAngularVelocity":[13.837059020996094,-0.0175666231662035,7.1087422370910648],"CanCollide":false,"CollisionGroup":"Player","CFrame":[11.684760093688965,13.140520095825196,-17.972238540649415,0.8524433374404907,0.11907122284173966,-0.5090800523757935,0.028651580214500428,0.9616173505783081,0.27289390563964846,0.5220339894294739,-0.2472124844789505,0.8163127899169922],"AssemblyLinearVelocity":[1.9141812324523926,-20.988248825073243,-3.6649725437164308],"ID":"{43D57699-116D-47E9-9140-DC667DB33BEF}","Transparency":1,"Name":"HumanoidRootPart","ClassName":"Part","Locked":true,"Anchored":false,"Children":[{"WorldPosition":[11.684760093688965,13.140520095825196,-17.972238540649415],"ClassName":"Attachment","Name":"RootAttachment","WorldCFrame":[11.684760093688965,13.140520095825196,-17.972238540649415,0.8524433374404907,0.11907122284173966,-0.5090800523757935,0.028651580214500428,0.9616173505783081,0.27289390563964846,0.5220339894294739,-0.2472124844789505,0.8163127899169922],"WorldOrientation":[-15.836539268493653,-31.949045181274415,1.706634283065796],"WorldAxis":[0.8524433374404907,0.028651580214500428,0.5220339894294739],"ID":"{E7B0BFD0-560F-460B-8A6A-66D29A7595A8}","WorldSecondaryAxis":[0.11907122284173966,0.9616173505783081,-0.2472124844789505]},{"Part1":"{1C80E07B-40F4-4C03-8A97-69C98D5DEBC4}","MaxVelocity":0.10000000149011612,"CurrentAngle":-0.03155657649040222,"C1":[0,0,0,-1,0,0,0,0,1,0,1,0],"Name":"RootJoint","ClassName":"Motor6D","Part0":"{43D57699-116D-47E9-9140-DC667DB33BEF}","C0":[0,0,0,-1,0,0,0,0,1,0,1,0],"ID":"{FAA270AC-0AFC-4888-B112-4492494E1BEF}","Transform":[0.05127209424972534,0.007290377281606197,0.042581379413604739,0.9682390689849854,-0.07644067704677582,0.23805439472198487,-0.00011824071407318115,0.9519779086112976,0.30616673827171328,-0.2500261068344116,-0.2964707314968109,0.9217332005500794]},{"Looped":true,"ClassName":"Sound","ID":"{D18D0C20-8E1A-4994-BCEC-07EE01F670A1}","Name":"Climbing","Volume":0.6499999761581421,"SoundId":"rbxasset://sounds/action_footsteps_plastic.mp3","RollOffMaxDistance":150,"Archivable":false,"RollOffMinDistance":5},{"ClassName":"Sound","ID":"{9C648AAA-9A11-458E-9C08-606951980801}","Name":"Died","Volume":0.6499999761581421,"SoundId":"rbxasset://sounds/uuhhh.mp3","RollOffMaxDistance":150,"Archivable":false,"RollOffMinDistance":5},{"ClassName":"Sound","ID":"{1397BF5F-FC47-4F8E-A317-585581D9F68A}","Name":"GettingUp","Volume":0.6499999761581421,"SoundId":"rbxasset://sounds/action_get_up.mp3","RollOffMaxDistance":150,"Archivable":false,"RollOffMinDistance":5},{"Looped":true,"ClassName":"Sound","PlaybackSpeed":1.600000023841858,"ID":"{6160CC0C-DECA-4953-9A2E-889C1D24C3B4}","Name":"Swimming","Volume":0.6499999761581421,"SoundId":"rbxasset://sounds/action_swim.mp3","RollOffMaxDistance":150,"Archivable":false,"RollOffMinDistance":5},{"ClassName":"Sound","ID":"{3A1B0397-6B79-4C5B-A507-955BA220E8BD}","Name":"Jumping","Volume":0.6499999761581421,"SoundId":"rbxasset://sounds/action_jump.mp3","RollOffMaxDistance":150,"Archivable":false,"RollOffMinDistance":5},{"ClassName":"Sound","ID":"{2F82F3D1-26EA-4FD5-BE7C-206AD337F261}","Name":"Landing","Volume":0.6499999761581421,"SoundId":"rbxasset://sounds/action_jump_land.mp3","RollOffMaxDistance":150,"Archivable":false,"RollOffMinDistance":5},{"ClassName":"Sound","ID":"{E399A4DF-9111-4DE5-A698-3750C2A04B68}","Name":"Splash","Volume":0.6499999761581421,"SoundId":"rbxasset://sounds/impact_water.mp3","RollOffMaxDistance":150,"Archivable":false,"RollOffMinDistance":5},{"Looped":true,"ClassName":"Sound","ID":"{46C3A0D0-CA31-4167-9E14-2BEF8616936F}","Name":"FreeFalling","Volume":0.6499999761581421,"SoundId":"rbxasset://sounds/action_falling.mp3","RollOffMaxDistance":150,"Archivable":false,"RollOffMinDistance":5},{"Looped":true,"ClassName":"Sound","PlaybackSpeed":1.850000023841858,"ID":"{2CB4175A-6706-48A2-BFA9-09EDA1CD7A17}","Name":"Running","Volume":0.6499999761581421,"SoundId":"rbxasset://sounds/action_footsteps_plastic.mp3","RollOffMaxDistance":150,"Archivable":false,"RollOffMinDistance":5}],"Size":[2,2,1]}],"Archivable":false},{"Name":"Nle_gucc","ClassName":"Model","ID":"{BFC3A7E0-89C4-4A79-BEBC-C35B19C850FA}","PrimaryPart":"{2AB88758-5067-4D33-AAA1-1A1B5054A8F0}","Children":[{"LeftArmColor3":[0.8862745761871338,0.6078431606292725,0.250980406999588],"RightLegColor":[0.8862745761871338,0.6078431606292725,0.250980406999588],"HeadColor":[0.8862745761871338,0.6078431606292725,0.250980406999588],"RightArmColor3":[0.8862745761871338,0.6078431606292725,0.250980406999588],"HeadColor3":[0.8862745761871338,0.6078431606292725,0.250980406999588],"RightArmColor":[0.8862745761871338,0.6078431606292725,0.250980406999588],"LeftLegColor3":[0.8862745761871338,0.6078431606292725,0.250980406999588],"TorsoColor":[0.8862745761871338,0.6078431606292725,0.250980406999588],"LeftArmColor":[0.8862745761871338,0.6078431606292725,0.250980406999588],"ClassName":"BodyColors","ID":"{E368A627-91FA-4367-940D-0172999D9F7D}","RightLegColor3":[0.8862745761871338,0.6078431606292725,0.250980406999588],"LeftLegColor":[0.8862745761871338,0.6078431606292725,0.250980406999588],"TorsoColor3":[0.8862745761871338,0.6078431606292725,0.250980406999588]},{"ID":"{2DB65B79-E243-44C1-AF6D-DFACA166187A}","ShirtTemplate":"http://www.roblox.com/asset/?id=1702300008","Name":"Shirt","ClassName":"Shirt"},{"ID":"{63F84204-D7D0-473C-8CF1-BAF0339899D6}","PantsTemplate":"http://www.roblox.com/asset/?id=4055384093","Name":"Pants","ClassName":"Pants"},{"ID":"{0EA21B07-A41C-44CB-9EB0-12D76EA4E923}","Graphic":"http://www.roblox.com/asset/?version=1&id=1028594","ClassName":"ShirtGraphic"},{"AttachmentPos":[-0.001014000503346324,0.24164161086082459,-0.02671051025390625],"ClassName":"Accessory","AttachmentPoint":[-0.001014000503346324,0.24164161086082459,-0.02671051025390625,1,0,0,0,1,0,0,0,1],"ID":"{03FDDDED-C53F-426C-A857-34D20B97226C}","Children":[{"ID":"{4F7CE82A-1D5F-4CF9-A55E-326851A9E732}","Name":"ThumbnailConfiguration","Children":[{"Value":"{8419352D-96F1-4726-ABFD-0B6E1F386ACD}","ID":"{7CBD76B6-E97A-419E-8336-2510FA1112E5}","Name":"ThumbnailCameraTarget","ClassName":"ObjectValue"},{"Value":[-1.9237537384033204,-0.039768218994140628,0.022451400756835939,-0.00758671760559082,-0.029172807931900026,-0.9995456337928772,0.000011399388313293457,0.9995743632316589,-0.029173733666539193,0.9999712109565735,-0.00023272819817066193,-0.007583141326904297],"ID":"{7870F651-0DCC-4E7B-AF4F-31F53A5F0C0D}","Name":"ThumbnailCameraValue","ClassName":"CFrameValue"}],"ClassName":"Configuration"},{"CanCollide":false,"CollisionGroup":"Player","CFrame":[-12.95864200592041,14.69836139678955,-11.963725090026856,0.8503831624984741,-0.014767244458198548,0.5259567499160767,0,0.9996060729026794,0.028065860271453859,-0.5261639952659607,-0.023866742849349977,0.8500481843948364],"MeshId":"rbxassetid://5233535316","TextureID":"http://www.roblox.com/asset/?id=5233559635","Name":"Handle","ClassName":"MeshPart","ID":"{8419352D-96F1-4726-ABFD-0B6E1F386ACD}","Anchored":false,"Children":[{"Value":"Classic","ID":"{BA9149C3-91C7-42F6-A2B6-99FE4D5DC28C}","Name":"AvatarPartScaleType","ClassName":"StringValue"},{"Name":"HairAttachment","ClassName":"Attachment","ID":"{C10F6223-341D-47C2-AB59-59469F5BC2FC}","CFrame":[-0.001014000503346324,0.24164161086082459,-0.02671051025390625,1,0,0,0,1,0,0,0,1],"WorldSecondaryAxis":[-0.014767244458198548,0.9996060729026794,-0.023866742849349977]},{"Value":[1.2183059453964234,0.8323531150817871,1.1962100267410279],"ID":"{E4E6B103-9A97-4B17-95D9-6DF290F2D6E5}","Name":"OriginalSize","ClassName":"Vector3Value"},{"Part1":"{AE1D93D9-1D76-4BC4-819D-192C726DE6F4}","Name":"AccessoryWeld","ClassName":"Weld","Part0":"{8419352D-96F1-4726-ABFD-0B6E1F386ACD}","C0":[-0.001014000503346324,0.24164161086082459,-0.02671051025390625,1,0,0,0,1,0,0,0,1],"ID":"{91E1A7B1-BB14-4AAE-B3C3-32F073B1C1BA}","C1":[8.658513905857035e-9,0.5999999046325684,-0.0002722442150115967,1,0,0,0,1,0,0,0,1]}],"Size":[1.2183059453964234,0.8323531150817871,1.1962100267410279]}],"Name":"Faded Waves"},{"AttachmentPos":[-0.000091552734375,0.819080114364624,0.6009521484375],"ClassName":"Accessory","AttachmentPoint":[-0.000091552734375,0.819080114364624,0.6009521484375,1,0,0,0,1,0,0,0,1],"ID":"{8A4E002A-7DD0-4A68-93ED-138635A65BA1}","Children":[{"CanCollide":false,"CollisionGroup":"Player","CFrame":[-12.987032890319825,12.018391609191895,-12.007857322692871,0.8503831624984741,-0.014767244458198548,0.5259567499160767,0,0.9996060729026794,0.028065860271453859,-0.5261639952659607,-0.023866742849349977,0.8500481843948364],"MeshId":"rbxassetid://5216060015","TextureID":"http://www.roblox.com/asset/?id=5215920248","Name":"Handle","ClassName":"MeshPart","ID":"{D7727F2F-0C96-47AD-B525-96A331B5488D}","Anchored":false,"Children":[{"Value":"Classic","ID":"{3146606E-9864-461F-A062-488D7C74B202}","Name":"AvatarPartScaleType","ClassName":"StringValue"},{"Name":"BodyBackAttachment","ClassName":"Attachment","ID":"{8746FF02-71DF-4B06-96CA-D233480C9B95}","CFrame":[-0.000091552734375,0.819080114364624,0.6009521484375,1,0,0,0,1,0,0,0,1],"WorldSecondaryAxis":[-0.014767244458198548,0.9996060729026794,-0.023866742849349977]},{"Value":[3.6917407512664797,4.2324018478393559,1.7667734622955323],"ID":"{32ED093C-BD17-4B07-8E1A-A9250743D4F5}","Name":"OriginalSize","ClassName":"Vector3Value"},{"Part1":"{DC4DD650-5DCD-46AE-A038-215E0B4E1F00}","Name":"AccessoryWeld","ClassName":"Weld","Part0":"{D7727F2F-0C96-47AD-B525-96A331B5488D}","C0":[-0.000091552734375,0.819080114364624,0.6009521484375,1,0,0,0,1,0,0,0,1],"ID":"{80128B11-F9A8-43B8-92C6-23BB43E2AF9D}","C1":[-5.960464477539063e-8,-0.19998568296432496,0.5,1,0,0,0,1,0,0,0,1]}],"Size":[3.6917407512664797,4.2324018478393559,1.7667734622955323]}],"Name":"Pizza Suit"},{"RigType":1,"ClassName":"Humanoid","ID":"{69D1EE6D-F58D-48D1-8EE0-C3BE45A932D9}","DisplayName":"Nle_gucc","Children":[{"ID":"{0C5BFF7E-43EE-407B-8DCC-0F6FD6623E61}","ClassName":"Animator"},{"ID":"{0A82E906-BC56-4098-B58E-B028DA43C408}","Name":"BodyTypeScale","ClassName":"NumberValue"},{"ID":"{4EFB3342-27A3-405F-9523-175C4A67A442}","Name":"BodyProportionScale","ClassName":"NumberValue"},{"Value":1,"ID":"{19F6A8C2-F210-4F58-AA89-66C834F0DE19}","Name":"BodyWidthScale","ClassName":"NumberValue"},{"Value":1,"ID":"{A46EFCBB-9BB4-4511-A17B-A3CFDBFC322D}","Name":"BodyHeightScale","ClassName":"NumberValue"},{"Value":1,"ID":"{A136DD80-4D45-4B44-8E74-6593953428FC}","Name":"BodyDepthScale","ClassName":"NumberValue"},{"Value":1,"ID":"{AF4FF5D8-B6CD-4AD9-BC1B-C02F8771ED24}","Name":"HeadScale","ClassName":"NumberValue"},{"SwimAnimation":837012509,"RightLegColor":[0.8862745761871338,0.6078431606292725,0.250980406999588],"Face":8329686,"JumpAnimation":619528412,"BodyTypeScale":0,"BackAccessory":"5231181062","LeftArmColor":[0.8862745761871338,0.6078431606292725,0.250980406999588],"ID":"{CAF05A78-2458-44FD-88E7-BD5A5C5DDA5C}","RightArmColor":[0.8862745761871338,0.6078431606292725,0.250980406999588],"HairAccessory":"5233587854","ClimbAnimation":619521311,"HeadColor":[0.8862745761871338,0.6078431606292725,0.250980406999588],"GraphicTShirt":1028595,"LeftLegColor":[0.8862745761871338,0.6078431606292725,0.250980406999588],"FallAnimation":619535616,"TorsoColor":[0.8862745761871338,0.6078431606292725,0.250980406999588],"IdleAnimation":619521748,"ClassName":"HumanoidDescription","ProportionScale":0,"RunAnimation":619522386,"Shirt":1702300014,"Pants":4055384116}],"HipHeight":2},{"BottomSurface":4,"CollisionGroup":"Player","CFrame":[-12.825024604797364,12.99706745147705,-11.745845794677735,0.8503831624984741,0,0.5261639952659607,0,1,0,-0.5261639952659607,0,0.8503831624984741],"Size":[2,2,1],"Transparency":1,"Name":"HumanoidRootPart","ClassName":"Part","ID":"{2AB88758-5067-4D33-AAA1-1A1B5054A8F0}","Anchored":false,"Children":[{"Name":"RootRigAttachment","ClassName":"Attachment","ID":"{8DDCEF05-67FB-4719-B5A0-D04C9A337BCE}","CFrame":[0,-1,0,1,0,0,0,1,0,0,0,1],"Children":[{"Value":[0,-0.3499999940395355,0],"ID":"{51A25A1C-AE10-4B74-8FB0-854C1352E344}","Name":"OriginalPosition","ClassName":"Vector3Value"}]},{"Value":[2,2,1],"ID":"{AB8B8B12-8CD6-4785-BFBE-58D114C07607}","Name":"OriginalSize","ClassName":"Vector3Value"},{"WorldPosition":[-12.825024604797364,12.99706745147705,-11.745845794677735],"WorldAxis":[0.8503831624984741,0,-0.5261639952659607],"Name":"RootAttachment","WorldCFrame":[-12.825024604797364,12.99706745147705,-11.745845794677735,0.8503831624984741,0,0.5261639952659607,0,1,0,-0.5261639952659607,0,0.8503831624984741],"ID":"{609944C5-2988-4613-ACCC-151A3440A179}","WorldOrientation":[0,31.746633529663087,0],"Children":[{"ID":"{AC8BE31E-ED05-42A7-AFC6-8EEE98451E99}","Name":"OriginalPosition","ClassName":"Vector3Value"}],"ClassName":"Attachment"},{"Looped":true,"ClassName":"Sound","ID":"{D87E5D51-799B-4586-9BA5-FBDC3254C9E8}","Name":"Climbing","Volume":0.6499999761581421,"SoundId":"rbxasset://sounds/action_footsteps_plastic.mp3","RollOffMaxDistance":150,"Archivable":false,"RollOffMinDistance":5},{"ClassName":"Sound","ID":"{8707A0D9-A52E-41C6-82AC-45C80C6840FC}","Name":"Died","Volume":0.6499999761581421,"SoundId":"rbxasset://sounds/uuhhh.mp3","RollOffMaxDistance":150,"Archivable":false,"RollOffMinDistance":5},{"ClassName":"Sound","ID":"{0177EAEC-384D-4617-8A97-46F059E015FB}","Name":"GettingUp","Volume":0.6499999761581421,"SoundId":"rbxasset://sounds/action_get_up.mp3","RollOffMaxDistance":150,"Archivable":false,"RollOffMinDistance":5},{"Looped":true,"ClassName":"Sound","PlaybackSpeed":1.600000023841858,"ID":"{51E326A3-E84B-449D-B788-0F64A2DB6455}","Name":"Swimming","Volume":0.6499999761581421,"SoundId":"rbxasset://sounds/action_swim.mp3","RollOffMaxDistance":150,"Archivable":false,"RollOffMinDistance":5},{"ClassName":"Sound","ID":"{A8C1D73E-2CBD-4AD8-8729-99DD3AD4F0AE}","Name":"Jumping","Volume":0.6499999761581421,"SoundId":"rbxasset://sounds/action_jump.mp3","RollOffMaxDistance":150,"Archivable":false,"RollOffMinDistance":5},{"ClassName":"Sound","ID":"{0DA7DCAE-A7FE-474C-BBB1-62959934135A}","Name":"Landing","Volume":0.6499999761581421,"SoundId":"rbxasset://sounds/action_jump_land.mp3","RollOffMaxDistance":150,"Archivable":false,"RollOffMinDistance":5},{"ClassName":"Sound","ID":"{44B595E8-CDEE-4A2C-B01C-A569F0AAF1A8}","Name":"Splash","Volume":0.6499999761581421,"SoundId":"rbxasset://sounds/impact_water.mp3","RollOffMaxDistance":150,"Archivable":false,"RollOffMinDistance":5},{"Looped":true,"ClassName":"Sound","ID":"{2DED3A26-F021-4163-A714-2D2C4197C797}","Name":"FreeFalling","Volume":0.6499999761581421,"SoundId":"rbxasset://sounds/action_falling.mp3","RollOffMaxDistance":150,"Archivable":false,"RollOffMinDistance":5},{"Looped":true,"ClassName":"Sound","PlaybackSpeed":1.850000023841858,"ID":"{737F548A-CB24-419E-AD4F-349A67049704}","Name":"Running","Volume":0.6499999761581421,"SoundId":"rbxasset://sounds/action_footsteps_plastic.mp3","RollOffMaxDistance":150,"Archivable":false,"RollOffMinDistance":5}],"TopSurface":3},{"CanCollide":false,"CollisionGroup":"Player","CFrame":[-12.968117713928223,14.339402198791504,-11.977112770080567,0.8503831624984741,-0.014767244458198548,0.5259567499160767,0,0.9996060729026794,0.028065860271453859,-0.5261639952659607,-0.023866742849349977,0.8500481843948364],"Color":[0.886274516582489,0.6078431606292725,0.250980406999588],"Anchored":false,"Name":"Head","ClassName":"MeshPart","ID":"{AE1D93D9-1D76-4BC4-819D-192C726DE6F4}","MeshId":"https://assetdelivery.roblox.com/v1/asset/?id=7430070993","Children":[{"ID":"{BBC6F48A-C351-4C03-87BC-A92CBC33ADFA}","Name":"Head","ClassName":"WrapTarget"},{"Name":"NeckRigAttachment","ClassName":"Attachment","ID":"{0A34920E-B3B1-4A0A-A24E-EE90425D9602}","CFrame":[0,-0.5000001192092896,-0.0002722442150115967,1,0,0,0,1,0,0,0,1],"Children":[{"Value":[0,-0.5000001192092896,-0.0002722442150115967],"ID":"{7F5B2E37-58DA-4429-A52C-FE63C9E86099}","Name":"OriginalPosition","ClassName":"Vector3Value"}],"WorldSecondaryAxis":[-0.014767244458198548,0.9996060729026794,-0.023866742849349977]},{"Name":"FaceFrontAttachment","ClassName":"Attachment","ID":"{382DCAE5-0434-406C-943E-6AB0DF65C05F}","CFrame":[3.9356886638586278e-9,0,-0.6002722978591919,1,0,0,0,1,0,0,0,1],"Children":[{"Value":[3.9356886638586278e-9,0,-0.6002722978591919],"ID":"{2AA01AC5-9071-4B5B-B82F-6BC7436AE8FB}","Name":"OriginalPosition","ClassName":"Vector3Value"}],"WorldSecondaryAxis":[-0.014767244458198548,0.9996060729026794,-0.023866742849349977]},{"Name":"HatAttachment","ClassName":"Attachment","ID":"{E6F66EBF-655C-4C8C-9AA9-30EFE545A3ED}","CFrame":[8.658513905857035e-9,0.5999999046325684,-0.0002722442150115967,1,0,0,0,1,0,0,0,1],"Children":[{"Value":[8.658513905857035e-9,0.5999999046325684,-0.0002722442150115967],"ID":"{D4BBFED7-B416-4230-AF1F-9A58EFA8889A}","Name":"OriginalPosition","ClassName":"Vector3Value"}],"WorldSecondaryAxis":[-0.014767244458198548,0.9996060729026794,-0.023866742849349977]},{"Name":"HairAttachment","ClassName":"Attachment","ID":"{FADF8944-A5DA-46F2-A64A-A22B3417671E}","CFrame":[8.658513905857035e-9,0.5999999046325684,-0.0002722442150115967,1,0,0,0,1,0,0,0,1],"Children":[{"Value":[8.658513905857035e-9,0.5999999046325684,-0.0002722442150115967],"ID":"{40AB2F3C-AE3D-43C1-AC95-0224B8905187}","Name":"OriginalPosition","ClassName":"Vector3Value"}],"WorldSecondaryAxis":[-0.014767244458198548,0.9996060729026794,-0.023866742849349977]},{"Name":"FaceCenterAttachment","ClassName":"Attachment","ID":"{1EABA697-A8DD-4EBC-AA99-CD66F09C81FC}","CFrame":[3.935688219769418e-9,0,-0.0002722442150115967,1,0,0,0,1,0,0,0,1],"Children":[{"Value":[3.935688219769418e-9,0,-0.0002722442150115967],"ID":"{785FC5D1-93C6-469A-AD93-25486149908A}","Name":"OriginalPosition","ClassName":"Vector3Value"}],"WorldSecondaryAxis":[-0.014767244458198548,0.9996060729026794,-0.023866742849349977]},{"Part0":"{DC4DD650-5DCD-46AE-A038-215E0B4E1F00}","Part1":"{AE1D93D9-1D76-4BC4-819D-192C726DE6F4}","Name":"Neck","ClassName":"Motor6D","C1":[0,-0.5000001192092896,-0.0002722442150115967,1,0,0,0,1,0,0,0,1],"C0":[-5.960464477539063e-8,0.8000171184539795,1.1920928955078126e-7,1,0,0,0,1,0,0,0,1],"ID":"{EA9E0030-BC38-4541-8449-4BEA18A37234}","Transform":[0,0,-1.4901161193847657e-8,1,0,0,0,1,0,0,0,1]},{"Value":[1.1978397369384766,1.2024002075195313,1.1979007720947266],"ID":"{5C3451AF-7BAA-4825-97F5-3E3CD648DBA8}","Name":"OriginalSize","ClassName":"Vector3Value"},{"ID":"{50F18396-B176-4555-96EA-FD05DE59C95D}","Texture":"http://www.roblox.com/asset/?id=8329434","Name":"face","ClassName":"Decal"}],"Size":[1.1978397369384766,1.2024002075195313,1.1979007720947266]},{"Color":[0.886274516582489,0.6078431606292725,0.250980406999588],"CFrame":[-14.077322006225586,12.344109535217286,-10.501321792602539,0.6289029121398926,0.2212253212928772,0.7453458905220032,-0.27586179971694949,0.9597838521003723,-0.05210760235786438,-0.7268984317779541,-0.17284181714057923,0.6646385788917542],"MeshId":"https://assetdelivery.roblox.com/v1/asset/?id=7430070991","Anchored":false,"Name":"LeftHand","ClassName":"MeshPart","ID":"{D9D037E1-FE8A-4A89-8868-1C305BB69A2B}","CollisionGroup":"Player","Children":[{"ID":"{A0902FB6-7EA4-4985-A56A-0E39B070AB2E}","Name":"LeftHand","ClassName":"WrapTarget"},{"Name":"LeftWristRigAttachment","ClassName":"Attachment","ID":"{226F6F0C-EBF4-4400-9F7E-8DFDDFB12CAF}","CFrame":[0.00047898292541503906,0.12504540383815766,5.960464477539063e-8,1,0,0,0,1,0,0,0,1],"Children":[{"Value":[0.00047898292541503906,0.12504540383815766,5.960464477539063e-8],"ID":"{74F5CD79-DA37-4182-9436-CE25A4FC6FD4}","Name":"OriginalPosition","ClassName":"Vector3Value"}],"WorldSecondaryAxis":[0.2212253212928772,0.9597838521003723,-0.17284181714057923]},{"Name":"LeftGripAttachment","SecondaryAxis":[0,0,-1],"ClassName":"Attachment","ID":"{861DF4E9-9866-4B72-8449-A0616E9C9A7C}","CFrame":[0,-0.14995451271533967,-1.4630612099608698e-7,1,0,0,0,0,1,0,-1,0],"Children":[{"Value":[0,-0.14995451271533967,-1.4630612099608698e-7],"ID":"{83626F37-1ADF-49C7-A83E-234E1CD606D4}","Name":"OriginalPosition","ClassName":"Vector3Value"}],"WorldSecondaryAxis":[-0.7453458905220032,0.05210760235786438,-0.6646385788917542]},{"Part0":"{2C65954D-0D97-4B9F-812B-AB1218685CD8}","Part1":"{D9D037E1-FE8A-4A89-8868-1C305BB69A2B}","Name":"LeftWrist","ClassName":"Motor6D","C1":[0.00047898292541503906,0.12504540383815766,5.960464477539063e-8,1,0,0,0,1,0,0,0,1],"C0":[0.0004786252975463867,-0.5009286999702454,7.644625506630354e-20,1,0,0,0,1,0,0,0,1],"ID":"{3D7084FB-7DC6-4AE2-8080-6683973012D5}","Transform":[3.9740974955293498e-8,-7.946831459548776e-8,4.9676232016793168e-9,1,0,0,0,1,0,0,0,1]},{"Value":[1,0.30010032653808596,1],"ID":"{23E22A6E-CA1E-4690-8D44-D0B087B6B84D}","Name":"OriginalSize","ClassName":"Vector3Value"}],"Size":[1,0.30010032653808596,1]},{"Color":[0.886274516582489,0.6078431606292725,0.250980406999588],"CFrame":[-11.128673553466797,12.360607147216797,-12.32395076751709,0.9231676459312439,-0.26824718713760378,0.27532702684402468,0.29190048575401308,0.9552403688430786,-0.04806113243103027,-0.25011125206947329,0.12473645806312561,0.9601485729217529],"MeshId":"https://assetdelivery.roblox.com/v1/asset/?id=7430070997","Anchored":false,"Name":"RightHand","ClassName":"MeshPart","ID":"{7F3D4CE0-1B6D-4387-84FB-DFA6E6DE13FF}","CollisionGroup":"Player","Children":[{"ID":"{9E1E045F-EA77-4A31-8005-8681245FB4B8}","Name":"RightHand","ClassName":"WrapTarget"},{"Name":"RightWristRigAttachment","ClassName":"Attachment","ID":"{54FA09BB-17EF-49BD-9A3A-5623965D5BBE}","CFrame":[3.5762786865234377e-7,0.12504540383815766,5.960464477539063e-8,1,0,0,0,1,0,0,0,1],"Children":[{"Value":[3.5762786865234377e-7,0.12504540383815766,5.960464477539063e-8],"ID":"{9A623E34-0A68-4933-8F22-B0A36E5133B0}","Name":"OriginalPosition","ClassName":"Vector3Value"}],"WorldSecondaryAxis":[-0.26824718